8582 9020
8582 8973 9020
6503 6504 6505 6506 8582 8781 8821 8938 8973 9020
5994 8582 8781 8938 8973 9020
8582 8781 8938 8973 9020
5342 5343 5344 5345 5346 5402 5456 5457 5458 5459 5460 5461 5462 5463 5524 5525 5526 5527 5528 5529 5530 5531 5532 5533 5534 5535 5536 5875 5876 5907 5984 5985 8212 8582 8781 8938 8973 9020
8582 8781 8938 8973 9020
8582 8781 8812 8938 8973 9020
8582 8781 8938 8973 9020
6599 8582 8781 8938 8973 9020
6739 6740 6741 7448 7449 7450 7451 7452 7453 7454 7455 8582 8761 8781 8853 8938 8973 9020
8582 9020
5453
5518
8972
8848 8972
8972
8760 8849
8760 8820 8849
8760 8810 8820 8849
5454 8760 8810 8820 8849
8852
5731
6598
5523 6598
6598
6598 8765
6598
5455
8811
8851
5519 5520 5521 5522 8851
8851
9019
8850 9019
5874 8850 9019
8850 9019
9019
5871
5451
5452
5517
9026
8976 9026
8863 8976 9026
5592 5593 8863 8976 9026
8863 8976 9026
5594 5595 8863 8976 9026
8863 8976 9026
5413 5596 8217 8863 8976 9026
8863 8976 9026
8976 9026
9026
9025
8975 9025
7472 7473 7552 7553 8763 8764 8862 8942 8975 9025
8942 8975 9025
5353 5354 5355 5412 5481 5482 5483 5484 5485 5486 5582 5583 5584 5585 5586 5587 5588 5589 5590 5591 7960 8226 8770 8942 8975 9025
5929 8942 8975 9025
8942 8975 9025
6195 8824 8942 8975 9025
8942 8975 9025
9025
8861
6513 8861
5580 6513 8861
6513 8861
5480 6513 8769 8861
6513 8861
6514 7471
5581 5873 6514 7471
6514 7471
7471
8224 9024
8224 8974 9024
6194 6508 6509 6510 6511 6512 8224 8823 8941 8974 9024
8224 8941 8974 9024
8224 8815 8941 8974 9024
8224 8941 8974 9024
5928 8224 8941 8974 9024
5351 5352 5408 5409 5410 5411 5472 5473 5474 5475 5476 5477 5478 5479 5567 5568 5569 5570 5571 5572 5573 5574 5575 5576 5577 5578 5579 5733 5865 5879 8216 8224 8768 8941 8974 9024
8224 8941 8974 9024
6600 8224 8941 8974 9024
7462 7463 7464 7465 7466 7467 7468 7469 7470 7548 7549 7550 7551 8224 8735 8736 8860 8941 8974 9024
9022
7458 7459 7547 8856 8940 9022
5405 5466 5467 5550 5551 7458 7459 7547 8214 8856 8940 9022
7458 7459 7547 8856 8940 9022
5549 7458 7459 7547 8856 8940 9022
7458 7459 7547 8856 8940 9022
7458 7459 7547 8718 8856 8940 9022
7458 7459 7547 8822 8856 8940 9022
7458 7459 7547 8856 8940 9022
8940 9022
9022
7460 8734
7460 8215 8734
7460 8734
5552
5468
9023
8857 9023
5406 5407 5553 5554 8857 9023
5469 5555 5872 5878 8857 9023
8857 9023
9023
7461 8762 8858 9023
5349 5558 7461 8762 8858 9023
7461 8762 8858 9023
5556 5557 7461 8762 8858 9023
7461 8762 8858 9023
9023
8859 9023
5561 8859 9023
8859 9023
5560 8859 9023
8859 9023
5559 8859 9023
8859 9023
5350 8859 9023
8859 9023
9023
8855 8939
5464 5546 8855 8939
8855 8939
5347 5545 8855 8939
8855 8939
8939
5465 8939
8939
5348 5547 5548 8939
8939
7456 7457
6507 7456 7457
5542 6507 7456 7457
6507 7456 7457
5541 6507 7456 7457
6507 7456 7457
5404 6507 7456 7457
6507 7456 7457
5543 5544 6507 7456 7457 8213
6507 7456 7457
9021
8854 9021
5540 8854 9021
8854 9021
5877 8854 9021
8854 9021
8766 8854 9021
8854 9021
8813 8854 9021
9021
5403 9021
9021
5537 9021
9021
5538 5539 9021
9021
9027
5357 5488 5598 5599 5600 5880 8219 9027
9027
7475 8866
6515 6516 7475 8866
5358 5601 6515 6516 7475 8866
6515 6516 7475 8866
7475 8866
7474 8865
7474 8816 8865
5414 5597 5988 7474 8816 8865
7474 8865
8864
5487 8864
8864
5356 8218 8864
8864
9028
6742 6743 7476 7477 7478 7554 7555 7556 7557 7558 7559 8867 8943 8977 9028
8943 8977 9028
5602 8943 8977 9028
8943 8977 9028
5359 8943 8977 9028
8943 8977 9028
5603 5604 8943 8977 9028
8943 8977 9028
8771 8943 8977 9028
8943 8977 9028
5360 5489 8772 8943 8977 9028
8943 8977 9028
8817 8943 8977 9028
8943 8977 9028
5490 5607 5608 5609 5610 5611 8943 8977 9028
8943 8977 9028
5361 5415 5605 5606 8943 8977 9028
8943 8977 9028
8977 9028
9028
9029
8869 9029
5362 8869 9029
8869 9029
5363 5493 5615 8869 9029
8869 9029
6196 8869 9029
5616 5617 6196 8774 8869 9029
6196 8869 9029
5868 6196 8869 9029
6196 8869 9029
8869 9029
9029
8868 9029
5613 8868 9029
8868 9029
5614 8868 9029
8868 9029
8773 8868 9029
8868 9029
5492 8868 9029
8868 9029
8825 8868 9029
5612 8825 8868 9029
8825 8868 9029
5491 8825 8868 9029
8825 8868 9029
9029
8583 8978 9030
6744 6759 7482 8583 8872 8978 9030
6744 6759 7482 8583 8826 8872 8978 9030
6744 6759 7482 8583 8872 8978 9030
5494 5627 5628 6744 6759 7482 8583 8872 8978 9030
6744 6759 7482 8583 8872 8978 9030
8583 8978 9030
8583 9030
6745 8583 9030
5495 6745 8583 9030
6745 8583 9030
8583 9030
8583 8945 9030
7479 7480 7481 7560 8583 8871 8945 9030
5416 5624 5625 5626 7479 7480 7481 7560 8583 8871 8945 9030
7479 7480 7481 7560 8583 8871 8945 9030
5621 5622 5623 7479 7480 7481 7560 8583 8871 8945 9030
7479 7480 7481 7560 8583 8871 8945 9030
8583 9030
8818
8944
5620 8944
8944
8870
5619 8870
8870
5618 8870
8870
5930 8870
8870
8846 8937 9031
6746 6747 7483 7484 7485 7486 7561 7562 8846 8873 8937 8946 8979 9031
8846 8937 8946 8979 9031
5933 5995 8846 8937 8946 8979 9031
8846 8937 8946 8979 9031
5364 5365 5366 5367 5368 5498 5499 5500 5501 5502 5503 5633 5634 5635 5636 5637 5638 5639 5640 5641 5642 5643 5734 5881 5986 8775 8846 8937 8946 8979 9031
5931 8846 8937 8946 8979 9031
8846 8937 8946 8979 9031
5417 5496 5497 5629 5630 5631 5632 8846 8937 8946 8979 9031
8846 8937 8946 8979 9031
8819 8846 8937 8946 8979 9031
8719 8827 8846 8937 8946 8979 9031
8846 8937 8979 9031
8846 8937 9031
8876
5372 5507 5654 8876
8876
6760 8877
5655 6760 8877
6760 8877
5866 6760 8877
6760 8877
8947
6749 7489 8947
5373 6749 7489 8947
6749 7489 8947
5508 6749 7489 8947
6749 7489 8947
5509 6749 7489 8778 8947
6749 7489 8947
7490 7564 8878
7490 7564 8741 8878
5510 7490 7564 8741 8878
7490 7564 8741 8878
5511 7490 7564 8741 8878
7490 7564 8741 8878
7488 8875
5371 7488 8777 8875
7488 8875
5652 5653 7488 8776 8875
7488 8875
7488 8828 8875
5883 7488 8828 8875
7488 8828 8875
5370 5934 7488 8828 8875
7488 8828 8875
9032
6748 7487 8874 9032
5369 5418 5504 5644 5645 5646 5647 5648 6748 7487 8874 9032
6748 7487 8874 9032
7563 9032
5419 5506 5651 5882 7563 9032
7563 9032
5869 7563 9032
5505 5649 5650 5869 7563 9032
9032
8584 9033
6750 7493 8584 8949 9033
8584 8847 8949 9033
8584 8949 9033
5376 5515 5516 5667 5668 5669 5670 5671 5672 5673 5674 5935 8221 8584 8780 8949 9033
8584 8949 9033
6518 8584 8949 9033
8584 9033
8584 8948 9033
6517 7491 7492 7565 8584 8879 8948 9033
7491 7492 7565 8584 8879 8948 9033
5374 5375 5512 5513 5514 5656 5657 5658 5659 5660 5661 5662 5663 5664 5665 5666 7491 7492 7565 8220 8584 8779 8879 8948 9033
7491 7492 7565 8584 8879 8948 9033
8584 9033